N|X|Y|D
1|0.00|0.00|0.00
2|0.20|0.00|0.20
3|0.40|0.00|0.40
4|0.60|0.00|0.60
5|0.80|0.00|0.80
6|1.00|0.00|1.00
7|1.20|0.00|1.20
8|1.40|0.00|1.40
9|1.60|0.00|1.60
10|1.80|0.00|1.80
11|2.00|0.00|2.00
12|2.20|0.00|2.20
13|2.40|0.00|2.40
14|2.60|0.00|2.60
15|2.80|0.00|2.80
16|3.00|0.00|3.00
17|3.20|0.00|3.20
18|3.40|0.00|3.40
19|3.60|0.00|3.60
20|3.80|0.00|3.80
21|0.00|0.20|0.20
22|0.20|0.20|0.28
23|0.40|0.20|0.45
24|0.60|0.20|0.63
25|0.80|0.20|0.82
26|1.00|0.20|1.02
27|1.20|0.20|1.22
28|1.40|0.20|1.41
29|1.60|0.20|1.61
30|1.80|0.20|1.81
31|2.00|0.20|2.01
32|2.20|0.20|2.21
33|2.40|0.20|2.41
34|2.60|0.20|2.61
35|2.80|0.20|2.81
36|3.00|0.20|3.01
37|3.20|0.20|3.21
38|3.40|0.20|3.41
39|3.60|0.20|3.61
40|3.80|0.20|3.81
41|0.00|0.40|0.40
42|0.20|0.40|0.45
43|0.40|0.40|0.57
44|0.60|0.40|0.72
45|0.80|0.40|0.89
46|1.00|0.40|1.08
47|1.20|0.40|1.26
48|1.40|0.40|1.46
49|1.60|0.40|1.65
50|1.80|0.40|1.84
51|2.00|0.40|2.04
52|2.20|0.40|2.24
53|2.40|0.40|2.43
54|2.60|0.40|2.63
55|2.80|0.40|2.83
56|3.00|0.40|3.03
57|3.20|0.40|3.22
58|3.40|0.40|3.42
59|3.60|0.40|3.62
60|3.80|0.40|3.82
61|0.00|0.60|0.60
62|0.20|0.60|0.63
63|0.40|0.60|0.72
64|0.60|0.60|0.85
65|0.80|0.60|1.00
66|1.00|0.60|1.17
67|1.20|0.60|1.34
68|1.40|0.60|1.52
69|1.60|0.60|1.71
70|1.80|0.60|1.90
71|2.00|0.60|2.09
72|2.20|0.60|2.28
73|2.40|0.60|2.47
74|2.60|0.60|2.67
75|2.80|0.60|2.86
76|3.00|0.60|3.06
77|3.20|0.60|3.26
78|3.40|0.60|3.45
79|3.60|0.60|3.65
80|3.80|0.60|3.85
81|0.00|0.80|0.80
82|0.20|0.80|0.82
83|0.40|0.80|0.89
84|0.60|0.80|1.00
85|0.80|0.80|1.13
86|1.00|0.80|1.28
87|1.20|0.80|1.44
88|1.40|0.80|1.61
89|1.60|0.80|1.79
90|1.80|0.80|1.97
91|2.00|0.80|2.15
92|2.20|0.80|2.34
93|2.40|0.80|2.53
94|2.60|0.80|2.72
95|2.80|0.80|2.91
96|3.00|0.80|3.10
97|3.20|0.80|3.30
98|3.40|0.80|3.49
99|3.60|0.80|3.69
100|3.80|0.80|3.88
101|0.00|1.00|1.00
102|0.20|1.00|1.02
103|0.40|1.00|1.08
104|0.60|1.00|1.17
105|0.80|1.00|1.28
106|1.00|1.00|1.41
107|1.20|1.00|1.56
108|1.40|1.00|1.72
109|1.60|1.00|1.89
110|1.80|1.00|2.06
111|2.00|1.00|2.24
112|2.20|1.00|2.42
113|2.40|1.00|2.60
114|2.60|1.00|2.79
115|2.80|1.00|2.97
116|3.00|1.00|3.16
117|3.20|1.00|3.35
118|3.40|1.00|3.54
119|3.60|1.00|3.74
120|3.80|1.00|3.93
121|0.00|1.20|1.20
122|0.20|1.20|1.22
123|0.40|1.20|1.26
124|0.60|1.20|1.34
125|0.80|1.20|1.44
126|1.00|1.20|1.56
127|1.20|1.20|1.70
128|1.40|1.20|1.84
129|1.60|1.20|2.00
130|1.80|1.20|2.16
131|2.00|1.20|2.33
132|2.20|1.20|2.51
133|2.40|1.20|2.68
134|2.60|1.20|2.86
135|2.80|1.20|3.05
136|3.00|1.20|3.23
137|3.20|1.20|3.42
138|3.40|1.20|3.61
139|3.60|1.20|3.79
140|3.80|1.20|3.98
141|0.00|1.40|1.40
142|0.20|1.40|1.41
143|0.40|1.40|1.46
144|0.60|1.40|1.52
145|0.80|1.40|1.61
146|1.00|1.40|1.72
147|1.20|1.40|1.84
148|1.40|1.40|1.98
149|1.60|1.40|2.13
150|1.80|1.40|2.28
151|2.00|1.40|2.44
152|2.20|1.40|2.61
153|2.40|1.40|2.78
154|2.60|1.40|2.95
155|2.80|1.40|3.13
156|3.00|1.40|3.31
157|3.20|1.40|3.49
158|3.40|1.40|3.68
159|3.60|1.40|3.86
160|3.80|1.40|4.05
161|0.00|1.60|1.60
162|0.20|1.60|1.61
163|0.40|1.60|1.65
164|0.60|1.60|1.71
165|0.80|1.60|1.79
166|1.00|1.60|1.89
167|1.20|1.60|2.00
168|1.40|1.60|2.13
169|1.60|1.60|2.26
170|1.80|1.60|2.41
171|2.00|1.60|2.56
172|2.20|1.60|2.72
173|2.40|1.60|2.88
174|2.60|1.60|3.05
175|2.80|1.60|3.22
176|3.00|1.60|3.40
177|3.20|1.60|3.58
178|3.40|1.60|3.76
179|3.60|1.60|3.94
180|3.80|1.60|4.12
181|0.00|1.80|1.80
182|0.20|1.80|1.81
183|0.40|1.80|1.84
184|0.60|1.80|1.90
185|0.80|1.80|1.97
186|1.00|1.80|2.06
187|1.20|1.80|2.16
188|1.40|1.80|2.28
189|1.60|1.80|2.41
190|1.80|1.80|2.55
191|2.00|1.80|2.69
192|2.20|1.80|2.84
193|2.40|1.80|3.00
194|2.60|1.80|3.16
195|2.80|1.80|3.33
196|3.00|1.80|3.50
197|3.20|1.80|3.67
198|3.40|1.80|3.85
199|3.60|1.80|4.02
200|3.80|1.80|4.20
